1001 Paracetamol 12345 15 8 2025 100 10 50 30 2001
2001 SupplierA 50 9876543210
2002 SupplierB 50 9876543211
-1
1002 Ibuprofen 12346 20 12 2025 200 15 100 50 2002
2002 SupplierB 100 9876543211
2003 SupplierC 100 9876543212
2004 SupplierD 100 9876543213
2005 SupplierE 100 9876543214
-1
1003 Amoxicillin 12347 10 11 2025 150 20 75 40 2003
2003 SupplierC 75 9876543212
2004 SupplierD 75 9876543213
2005 SupplierE 75 9876543214
-1
1004 Aspirin 12348 5 7 2025 300 5 150 60 2004
2004 SupplierD 150 9876543213
2005 SupplierE 150 9876543214
2006 SupplierF 150 9876543215
-1
1005 Metformin 12349 25 9 2025 250 25 125 50 2005
2005 SupplierE 125 9876543214
2006 SupplierF 125 9876543215
2007 SupplierG 125 9876543216
-1
1006 Atorvastatin 12350 30 6 2025 180 12 90 45 2006
2006 SupplierF 90 9876543215
2007 SupplierG 90 9876543216
2008 SupplierH 90 9876543217
-1
1007 Amlodipine 12351 15 5 2025 220 18 110 55 2007
2007 SupplierG 110 9876543216
2008 SupplierH 110 9876543217
-1
1008 Omeprazole 12352 10 4 2025 160 22 80 40 2008
2008 SupplierH 80 9876543217
2009 SupplierI 80 9876543218
2010 SupplierJ 80 9876543219
-1
1009 Simvastatin 12353 20 3 2025 140 16 70 35 2009
2009 SupplierI 70 9876543218
2010 SupplierJ 70 9876543219
2011 SupplierK 70 9876543220
-1
1010 Losartan 12354 25 2 2025 130 14 65 32 2010
2010 SupplierJ 65 9876543219
-1
1011 Metoprolol 12355 15 1 2025 170 20 85 42 2011
2011 SupplierK 85 9876543220
2012 SupplierL 85 9876543221
2013 SupplierM 85 9876543222
-1
1012 Lisinopril 12356 10 12 2024 190 24 95 48 2012
2012 SupplierL 95 9876543221
2013 SupplierM 95 9876543222
2014 SupplierN 95 9876543223
-1
1013 Levothyroxine 12357 5 11 2024 210 28 105 52 2013
2013 SupplierM 105 9876543222
2014 SupplierN 105 9876543223
2015 SupplierO 105 9876543224
-1
1014 Hydrocodone 12358 30 10 2024 230 30 115 58 2014
2014 SupplierN 115 9876543223
2015 SupplierO 115 9876543224
-1
1015 Albuterol 12359 25 9 2024 250 32 125 60 2015
2015 SupplierO 125 9876543224
2001 SupplierA 125 9876543210
2002 SupplierB 125 9876543211
-1
1016 Warfarin 12360 10 8 2025 120 18 60 40 2001
2001 SupplierA 60 9876543210
2002 SupplierB 60 9876543211
2003 SupplierC 60 9876543212
-1
1017 Clopidogrel 12361 15 7 2025 140 20 70 45 2002
2002 SupplierB 70 9876543211
2003 SupplierC 70 9876543212
2004 SupplierD 70 9876543213
-1
1018 Montelukast 12362 20 6 2025 160 22 80 50 2003
2003 SupplierC 80 9876543212
2004 SupplierD 80 9876543213
2005 SupplierE 80 9876543214
-1
1019 Rosuvastatin 12363 25 5 2025 180 24 90 55 2004
2004 SupplierD 90 9876543213
2005 SupplierE 90 9876543214
2006 SupplierF 90 9876543215
-1
1020 Esomeprazole 12364 30 4 2025 200 26 100 60 2005
2005 SupplierE 100 9876543214
2006 SupplierF 100 9876543215
2007 SupplierG 100 9876543216
-1
1 1 1 1 1 1 1 1 0 1 1
1 1 1 1
-1
UNIQUE_SUPPLIERS
2001 3 5580.00
2002 5 8480.00
2003 5 7240.00
2004 6 9070.00
2005 7 13395.00
2006 5 9715.00
2007 4 8785.00
2008 3 4820.00
2009 2 2880.00
2010 3 3790.00
2011 2 2820.00
2012 2 3980.00
2013 3 6920.00
2014 3 8670.00
2015 3 10390.00
1 1 1.00
END_UNIQUE_SUPPLIERS
